77442   88154
71181   76363
49755   69158
38798   22488
89857   49242
96168   60034
68503   43760
52053   29173
27070   63754
78107   13305
18422   95805
34555   59209
52260   83075
35963   65961
92308   56524
25352   19586
87921   76287
21112   20450
40251   20187
66316   47227
10872   77651
78694   67481
80223   15216
69732   81168
38939   38777
34636   24551
10066   49751
21755   21498
59907   37042
40042   20430
10479   30302
92724   56653
49261   18139
14450   41684
20138   54577
49196   76287
78226   77472
55352   47752
73181   76363
88373   44539
55224   13454
78343   39913
50215   26340
93394   81365
12421   17637
30218   22488
60899   27070
53443   63193
78769   76287
34837   64955
57703   90260
84563   61551
95968   61321
18237   59051
88136   22597
75094   61551
14017   58846
18973   79651
45202   81168
67888   36454
58743   65364
65978   66336
27877   47227
23703   90563
63594   76363
19101   52928
49192   16770
78677   33277
74303   76324
56874   47227
90161   64736
39443   58067
59419   76363
16790   61551
23505   93360
70298   20187
64391   61321
62270   61551
12823   57714
83131   23208
29372   81168
21121   63648
22012   74365
42673   20187
81026   63754
96443   74839
30527   16770
88227   80574
43550   81327
83170   87067
97480   59239
57306   33168
12562   19586
70051   69573
23409   59209
98618   36335
55824   77218
26417   29173
47973   28702
88458   23040
78792   26612
49946   81708
80977   82477
64506   76324
51584   19586
74305   17617
29886   13430
66682   81168
25165   48749
58380   53467
69518   61551
13253   54169
47096   90256
30095   92342
53753   74679
18402   68884
96146   54906
78431   82348
58498   30348
48373   28719
84718   49196
60072   54268
82045   81168
11287   73806
37090   34498
38432   59686
13148   69158
29704   68950
45645   76324
68457   60034
66349   78117
72212   54196
16845   53315
49997   16770
56793   64874
27128   43619
92355   71300
76013   43778
20620   81868
23056   37042
82567   61327
13147   79444
70591   58074
68310   63193
36484   52913
97410   78373
31951   44983
65334   30896
14656   59209
91768   61551
56457   27850
57141   42263
18561   31760
75233   81868
73250   95805
14002   12467
42157   47227
34516   26033
55035   81168
13086   73119
43301   41775
38864   65779
95169   31728
73367   69158
53500   63193
81688   63754
93934   95142
54841   30896
66614   76324
52867   34526
92062   65386
74176   79531
75046   76363
64084   28284
17516   91401
58314   14259
30184   48803
82359   33277
83956   16770
87246   96540
66231   34404
42526   87428
96228   96903
70702   63193
72108   20187
62377   59209
72553   10468
57600   56860
16563   57459
35342   33277
29419   27070
22242   37042
81264   45944
27706   18763
11777   17623
96931   30714
27765   80535
65779   66518
82921   19432
87744   43619
85543   40341
56196   81132
34774   97741
93073   61787
37699   62712
45701   81380
60801   76363
66024   25646
38321   50162
32244   10468
95866   29173
91365   37520
96047   11889
60690   63193
40819   47227
19229   63551
56978   27070
84539   43393
50724   59209
90639   67420
70374   28146
83465   27150
67309   61321
56678   42545
91876   78117
11246   81868
66054   83337
40614   69158
56899   37042
65744   20551
80749   37042
74619   10468
60988   76287
84866   60034
45318   49196
14541   60910
79263   35253
48847   58067
73082   24937
79835   48742
62446   39600
62036   62719
13498   71733
18172   81168
35258   59209
60068   38731
43622   33109
23059   12770
61060   43807
45296   76363
31310   72036
69945   10468
89043   62946
44661   96601
32843   10468
83953   61321
44774   43897
47310   48153
96064   35936
79098   27177
11333   76324
31875   27736
92000   60034
60969   96903
37597   73631
97194   20187
90624   70413
15881   59845
29211   22488
19865   95805
37093   27070
85746   17347
88886   46767
94576   81868
59784   19770
98263   75790
47612   62157
27380   91120
33552   16758
72012   80611
18549   85133
23250   70963
43410   85770
55986   33277
62202   20187
86252   81868
76363   81168
39103   67989
94626   14656
11792   43619
62872   29173
66617   16770
76923   37042
54667   22488
80651   76324
24898   98262
78913   43619
86226   39913
41730   29173
62228   39913
20570   14090
48070   61321
89609   73535
21233   69158
67520   27006
69207   66474
80773   76363
98652   82728
77753   65779
61668   40001
49504   65779
90868   87612
50836   27501
34661   98114
36590   31091
29788   95805
36309   46751
45305   33147
77866   89262
26091   95805
73725   75617
89578   71004
62919   78373
18631   61551
65733   91526
63976   31808
57363   54799
63193   35481
93512   11640
22455   32469
12710   33277
80568   61321
82907   31518
70300   76363
65593   58067
66452   68846
81168   19586
81230   95805
15461   78373
99354   27070
97780   16770
11597   36795
86142   60034
22929   58067
72577   16770
87562   11734
15882   17423
18782   78117
21443   53759
97662   66320
26467   10468
12181   60034
99202   76363
92349   72225
20986   25419
85821   58067
70172   92060
54212   59209
42712   76324
90995   90226
62165   20187
70665   81168
23358   63754
82477   84396
71987   23192
95504   51191
40799   41278
35361   95805
10730   51728
43173   61551
28181   33277
23939   35592
38685   60717
36349   88861
38913   47227
36681   54470
34231   80208
84150   32348
53592   31390
90048   13692
56334   66336
92955   73054
26500   20187
11840   75286
23430   42085
79148   63193
60469   19586
15750   66336
51639   16201
66378   76287
33011   19586
74383   18079
13342   71848
43984   27950
78415   45783
37553   58067
86775   68642
34408   60406
53067   58239
83096   30991
59779   47641
92173   31090
93789   84819
34804   35005
86853   98556
19023   69269
24014   78373
88189   76324
96897   80598
71969   16770
57758   60034
84236   19912
39543   74542
45629   61518
46405   23011
88155   56357
39913   69880
58055   19586
67449   33277
97296   41994
11979   74945
97896   11294
16406   47227
33210   16770
22366   19586
14047   99638
62524   35305
85153   11167
35374   52130
76324   97224
50715   66545
30446   95805
75098   54539
60654   14555
92593   10468
37954   23752
67845   49196
18665   95058
46953   20187
22488   13898
76756   95805
52973   20187
88681   61321
67431   37042
58093   59209
61522   58067
19692   22314
55686   78373
75663   88193
75619   70326
83139   34779
96583   66996
76437   13367
19832   35599
32727   43276
64900   37042
99403   70388
20217   83512
68879   39957
55020   39913
22732   61321
70441   48560
35671   30896
87206   77391
15719   65627
70843   68981
80802   77969
60385   54937
68163   27874
51564   60034
14231   59293
10468   69158
58531   33277
89365   96591
65598   49196
30226   67781
13423   29173
43242   87650
45581   39913
55879   81168
28959   84631
67482   78373
21358   13041
40107   60034
56957   66336
68981   42504
45865   67267
83968   32642
36082   29173
51895   92287
97489   19909
13164   23658
43619   32643
80054   68277
43543   10468
21603   54219
29392   81168
79097   91391
91813   76324
27744   43619
66902   41779
84610   27070
63644   23335
63408   68981
71224   33277
48293   47227
57365   48719
13590   33277
34822   59209
90168   71625
88698   88553
59044   71011
64826   60877
46286   85678
49565   52138
89303   29173
57427   76287
84546   75928
68856   99211
44748   59209
18252   70479
32823   91526
36238   56724
34436   69158
25905   83377
11310   49196
71865   29173
31257   41046
82139   76324
66945   47714
23390   33277
95805   81168
53931   19586
46434   95805
75144   41705
88419   10648
99702   63193
38898   53110
83475   59209
57700   37042
42255   16770
68559   69158
48622   30896
48063   60034
36896   58465
61761   38881
45534   23509
84197   40976
10741   60540
57029   78300
61058   76363
16955   76324
95154   29173
20941   43072
76420   10654
57350   57933
37339   33049
11022   33630
11086   39913
64945   97536
95125   27070
70646   78373
70553   20187
52129   76287
35583   76287
52407   32158
21537   45488
49682   24598
20290   47227
66261   44764
90484   31261
25358   29173
59209   88778
21520   49196
46692   41896
83918   13692
68641   78373
93012   68295
10186   63414
84383   19586
33576   99070
42089   59209
76287   61321
63821   55986
17944   38193
57972   81168
51596   61321
22418   95805
68055   76287
19554   29173
59117   14656
17210   65375
61968   34453
22768   44020
22419   92236
33546   83847
34755   58136
17956   31634
19543   59209
85916   34705
66761   93059
30911   50479
12158   32771
91771   29981
87708   60034
70837   67717
27584   78373
67642   61551
62273   19018
16352   61551
41901   29173
25732   81298
75816   29212
25681   63754
86396   12643
44190   56820
58070   19742
44532   83582
47227   35357
36638   44159
15632   76363
72120   47309
32764   47227
51180   78117
49739   14656
66274   78739
61723   43619
59015   19586
21891   85648
18747   61551
86144   58938
39681   69158
38150   68516
61321   10468
38754   30896
70627   83718
91724   74971
91330   29173
38159   73587
78498   78373
24641   61551
12550   83211
70711   83416
17338   65779
56076   39000
21353   27070
61551   85619
42398   85167
80835   63559
69604   71196
76284   81168
73817   65125
35170   23254
52139   95805
40826   81168
85479   46622
56430   33363
67747   31755
25739   13587
17558   39762
89499   93764
78373   73981
95268   46534
33958   28798
12195   66209
63380   76287
60034   27070
80467   76324
98506   95805
58067   99459
75075   60524
43692   26965
17039   37042
97439   76324
79297   29173
68473   35985
47630   17932
61662   58771
86027   39235
62403   81835
24100   54006
87270   47227
35793   39913
91493   19398
55623   19898
82673   78117
15863   91070
57779   66587
45405   49196
93780   61551
99320   65779
40036   47227
33370   83360
82692   90756
78117   19586
68580   64705
57478   69158
15588   64663
73700   39913
81481   78593
49442   28165
61061   20187
37624   78760
90983   30919
60057   61171
80319   60632
99544   63754
14572   32678
35131   83311
90273   78373
19621   19897
88549   43398
90170   60034
35057   61321
34283   61551
24485   16250
41063   95805
47154   45332
87986   16770
36053   29173
20687   60034
66575   30896
81371   95805
91665   78117
51369   51581
19220   59209
45158   39913
61595   98095
79096   75715
72662   59209
10875   44090
99736   16480
85897   65779
83776   52163
40755   19553
80969   76363
53053   76363
58468   76324
68895   30896
10193   19586
51578   42226
59446   27070
98969   73952
15913   88063
95191   69158
27476   27070
94851   58067
47345   56070
35791   59209
56194   62759
71120   31064
42599   76860
33848   20187
68814   60034
25584   51942
85338   71636
77668   99601
82555   35041
44609   16770
73386   61321
30553   29173
35913   76363
70145   95805
99873   19236
32644   24024
15974   19406
70045   47227
37614   14925
70738   66336
96972   69158
71948   76363
18962   63193
22983   27070
50419   60034
92422   18415
29173   94253
17365   35447
76649   65307
72431   40771
46431   45281
25817   42605
83620   61152
83434   76363
25031   24195
31968   42631
31604   71439
94886   72284
88754   27196
14709   25431
40906   27070
89846   44931
29736   78373
62109   76363
41649   82052
13672   35541
58161   31191
63752   55104
22495   47227
55699   81868
69083   14656
20079   36929
34505   27070
70644   33277
18606   80975
90720   65841
33445   14656
66398   76324
22680   47227
27166   43619
94319   27070
19586   62041
51374   52608
28183   59545
49601   60267
45765   51736
57265   29173
77954   77288
81735   27070
17145   10232
62809   52565
38935   53430
26249   78373
86870   42850
49988   91893
57756   60034
69866   85817
38276   95805
65159   78373
88269   78117
18994   47227
89894   88633
19078   27070
13692   58448
34577   76324
93672   39465
66156   33277
52761   75778
71038   95805
59876   23131
95962   85623
33277   13436
22237   76435
42882   27070
42825   27070
44396   19594
89726   78373
16770   65779
44209   15242
98471   40691
63754   30896
52305   55759
21085   35037
84268   33277
23150   60228
60140   62491
96903   10468
94329   75565
26226   36931
74515   63754
68426   57490
36722   76287
91076   59209
10149   82403
49208   56685
64396   93619
35021   76363
10780   30896
86680   54460
65532   35338
35181   83328
85405   10723
91632   63754
75023   72435
37042   63193
53779   19586
37585   39913
23603   90041
88436   83914
69158   68981
70402   94227
44083   65227
82394   14656
27746   16770
19624   45804
97957   71000
30896   28091
78374   26479
66971   16770
96748   49196
47956   30896
84663   80516
89157   82477
12228   65947
42362   53557
93195   51572
75162   89269
45009   61551
39320   49305
67273   41190
65163   30289
18734   74713
73297   82175
91431   13090
14963   46180
71185   16770
42321   48403
64599   67069
53334   34468
20187   57178
83616   10468
66914   20187
81279   20187
99419   37042
79294   31121
28220   76363
80676   61551
24797   25016
35108   35246
65643   66828
36523   57465
33040   46127
81868   23412
53306   90826
47740   15732
37843   22642
98695   87173
51321   38561
95514   61551
26419   35706
20382   64457
18337   76324
24862   42585
96800   57680
88316   78955
93747   40607
89689   78373
86418   13271
37119   98421
98276   61657
37447   56593
41319   41419
43040   40781
44573   69158
93294   85174
37495   99697
33107   16770
54548   62282
54445   80876
88038   88090
66613   65779
64729   18816
81937   14656
86560   49196
90763   79218
10930   80489
52132   37042
93840   96903
14381   46862
23038   59209
12809   69134
28706   53283
35811   47227
64368   16770
14652   55002
24290   95805
35618   61879
76669   65779
65052   63193
27533   84394
37756   60034
28054   78373
56969   59374
83129   27070
81613   16770
75625   78373
17846   70557
77897   20442
93086   30896
73969   96869
87726   16313
88858   78373
65550   37042
60065   61551
91526   59209
15647   20187
40208   60034
45614   81345
56409   48982
14733   73493
50641   83354
60500   30643
66336   39913
52887   80280
72997   39913
44985   61551
79421   34868
36332   36878
69182   95805
59092   67571
29363   98020
10066   10232   166
10149   10468   319
10186   10468   282
10193   10468   275
10468   10468   0
10479   10468   11
10730   10468   262
10741   10468   273
10780   10468   312
10872   10468   404
10875   10468   407
10930   10468   462
11022   10648   374
11086   10654   432
11246   10723   523
11287   11167   120
11310   11294   16
11333   11640   307
11597   11734   137
11777   11889   112
11792   12467   675
11840   12643   803
11979   12770   791
12158   13041   883
12181   13090   909
12195   13271   1076
12228   13305   1077
12421   13367   946
12550   13430   880
12562   13436   874
12710   13454   744
12809   13587   778
12823   13692   869
13086   13692   606
13147   13898   751
13148   14090   942
13164   14259   1095
13253   14555   1302
13342   14656   1314
13423   14656   1233
13498   14656   1158
13590   14656   1066
13672   14656   984
13692   14656   964
14002   14656   654
14017   14925   908
14047   15216   1169
14231   15242   1011
14381   15732   1351
14450   16201   1751
14541   16250   1709
14572   16313   1741
14652   16480   1828
14656   16758   2102
14709   16770   2061
14733   16770   2037
14963   16770   1807
15461   16770   1309
15588   16770   1182
15632   16770   1138
15647   16770   1123
15719   16770   1051
15750   16770   1020
15863   16770   907
15881   16770   889
15882   16770   888
15913   16770   857
15974   16770   796
16352   16770   418
16406   16770   364
16563   16770   207
16770   16770   0
16790   17347   557
16845   17423   578
16955   17617   662
17039   17623   584
17145   17637   492
17210   17932   722
17338   18079   741
17365   18139   774
17516   18415   899
17558   18763   1205
17846   18816   970
17944   19018   1074
17956   19236   1280
18172   19398   1226
18237   19406   1169
18252   19432   1180
18337   19553   1216
18402   19586   1184
18422   19586   1164
18549   19586   1037
18561   19586   1025
18606   19586   980
18631   19586   955
18665   19586   921
18734   19586   852
18747   19586   839
18782   19586   804
18962   19586   624
18973   19586   613
18994   19586   592
19023   19586   563
19078   19594   516
19101   19742   641
19220   19770   550
19229   19897   668
19543   19898   355
19554   19909   355
19586   19912   326
19621   20187   566
19624   20187   563
19692   20187   495
19832   20187   355
19865   20187   322
20079   20187   108
20138   20187   49
20187   20187   0
20217   20187   30
20290   20187   103
20382   20187   195
20570   20187   383
20620   20187   433
20687   20187   500
20941   20187   754
20986   20187   799
21085   20430   655
21112   20442   670
21121   20450   671
21233   20551   682
21353   21498   145
21358   22314   956
21443   22488   1045
21520   22488   968
21537   22488   951
21603   22488   885
21755   22597   842
21891   22642   751
22012   23011   999
22237   23040   803
22242   23131   889
22366   23192   826
22418   23208   790
22419   23254   835
22455   23335   880
22488   23412   924
22495   23509   1014
22680   23658   978
22732   23752   1020
22768   24024   1256
22929   24195   1266
22983   24551   1568
23038   24598   1560
23056   24937   1881
23059   25016   1957
23150   25419   2269
23250   25431   2181
23358   25646   2288
23390   26033   2643
23409   26340   2931
23430   26479   3049
23505   26612   3107
23603   26965   3362
23703   27006   3303
23939   27070   3131
24014   27070   3056
24100   27070   2970
24290   27070   2780
24485   27070   2585
24641   27070   2429
24797   27070   2273
24862   27070   2208
24898   27070   2172
25031   27070   2039
25165   27070   1905
25352   27070   1718
25358   27070   1712
25584   27070   1486
25681   27070   1389
25732   27070   1338
25739   27070   1331
25817   27070   1253
25905   27070   1165
26091   27070   979
26226   27150   924
26249   27177   928
26417   27196   779
26419   27501   1082
26467   27736   1269
26500   27850   1350
27070   27874   804
27128   27950   822
27166   28091   925
27380   28146   766
27476   28165   689
27533   28284   751
27584   28702   1118
27706   28719   1013
27744   28798   1054
27746   29173   1427
27765   29173   1408
27877   29173   1296
28054   29173   1119
28181   29173   992
28183   29173   990
28220   29173   953
28706   29173   467
28959   29173   214
29173   29173   0
29211   29173   38
29363   29173   190
29372   29173   199
29392   29173   219
29419   29173   246
29704   29173   531
29736   29173   563
29788   29173   615
29886   29212   674
30095   29981   114
30184   30289   105
30218   30302   84
30226   30348   122
30446   30643   197
30527   30714   187
30553   30896   343
30896   30896   0
30911   30896   15
31257   30896   361
31310   30896   414
31604   30896   708
31875   30896   979
31951   30896   1055
31968   30896   1072
32244   30896   1348
32644   30896   1748
32727   30919   1808
32764   30991   1773
32823   31064   1759
32843   31090   1753
33011   31091   1920
33040   31121   1919
33107   31191   1916
33210   31261   1949
33277   31390   1887
33370   31518   1852
33445   31634   1811
33546   31728   1818
33552   31755   1797
33576   31760   1816
33848   31808   2040
33958   32158   1800
34231   32348   1883
34283   32469   1814
34408   32642   1766
34436   32643   1793
34505   32678   1827
34516   32771   1745
34555   33049   1506
34577   33109   1468
34636   33147   1489
34661   33168   1493
34755   33277   1478
34774   33277   1497
34804   33277   1527
34822   33277   1545
34837   33277   1560
35021   33277   1744
35057   33277   1780
35108   33277   1831
35131   33277   1854
35170   33277   1893
35181   33277   1904
35258   33277   1981
35342   33277   2065
35361   33277   2084
35374   33363   2011
35583   33630   1953
35618   34404   1214
35671   34453   1218
35791   34468   1323
35793   34498   1295
35811   34526   1285
35913   34705   1208
35963   34779   1184
36053   34868   1185
36082   35005   1077
36238   35037   1201
36309   35041   1268
36332   35246   1086
36349   35253   1096
36484   35305   1179
36523   35338   1185
36590   35357   1233
36638   35447   1191
36681   35481   1200
36722   35541   1181
36896   35592   1304
37042   35599   1443
37090   35706   1384
37093   35936   1157
37119   35985   1134
37339   36335   1004
37447   36454   993
37495   36795   700
37553   36878   675
37585   36929   656
37597   36931   666
37614   37042   572
37624   37042   582
37699   37042   657
37756   37042   714
37843   37042   801
37954   37042   912
38150   37042   1108
38159   37042   1117
38276   37042   1234
38321   37042   1279
38432   37042   1390
38685   37042   1643
38754   37042   1712
38798   37520   1278
38864   38193   671
38898   38561   337
38913   38731   182
38935   38777   158
38939   38881   58
39103   39000   103
39320   39235   85
39443   39465   22
39543   39600   57
39681   39762   81
39913   39913   0
40036   39913   123
40042   39913   129
40107   39913   194
40208   39913   295
40251   39913   338
40614   39913   701
40755   39913   842
40799   39913   886
40819   39913   906
40826   39913   913
40906   39913   993
41063   39957   1106
41319   40001   1318
41649   40341   1308
41730   40607   1123
41901   40691   1210
42089   40771   1318
42157   40781   1376
42255   40976   1279
42321   41046   1275
42362   41190   1172
42398   41278   1120
42526   41419   1107
42599   41684   915
42673   41705   968
42712   41775   937
42825   41779   1046
42882   41896   986
43040   41994   1046
43173   42085   1088
43242   42226   1016
43301   42263   1038
43410   42504   906
43543   42545   998
43550   42585   965
43619   42605   1014
43622   42631   991
43692   42850   842
43984   43072   912
44083   43276   807
44190   43393   797
44209   43398   811
44396   43619   777
44532   43619   913
44573   43619   954
44609   43619   990
44661   43619   1042
44748   43619   1129
44774   43619   1155
44985   43760   1225
45009   43778   1231
45158   43807   1351
45202   43897   1305
45296   44020   1276
45305   44090   1215
45318   44159   1159
45405   44539   866
45534   44764   770
45581   44931   650
45614   44983   631
45629   45281   348
45645   45332   313
45701   45488   213
45765   45783   18
45865   45804   61
46286   45944   342
46405   46127   278
46431   46180   251
46434   46534   100
46692   46622   70
46953   46751   202
47096   46767   329
47154   46862   292
47227   47227   0
47310   47227   83
47345   47227   118
47612   47227   385
47630   47227   403
47740   47227   513
47956   47227   729
47973   47227   746
48063   47227   836
48070   47227   843
48293   47227   1066
48373   47227   1146
48622   47227   1395
48847   47227   1620
49192   47227   1965
49196   47227   1969
49208   47227   1981
49261   47309   1952
49442   47641   1801
49504   47714   1790
49565   47752   1813
49601   48153   1448
49682   48403   1279
49739   48560   1179
49755   48719   1036
49946   48742   1204
49988   48749   1239
49997   48803   1194
50215   48982   1233
50419   49196   1223
50641   49196   1445
50715   49196   1519
50724   49196   1528
50836   49196   1640
51180   49196   1984
51321   49196   2125
51369   49196   2173
51374   49196   2178
51564   49242   2322
51578   49305   2273
51584   49751   1833
51596   50162   1434
51639   50479   1160
51895   51191   704
52053   51572   481
52129   51581   548
52132   51728   404
52139   51736   403
52260   51942   318
52305   52130   175
52407   52138   269
52761   52163   598
52867   52565   302
52887   52608   279
52973   52913   60
53053   52928   125
53067   53110   43
53306   53283   23
53334   53315   19
53443   53430   13
53500   53467   33
53592   53557   35
53753   53759   6
53779   54006   227
53931   54169   238
54212   54196   16
54445   54219   226
54548   54268   280
54667   54460   207
54841   54470   371
55020   54539   481
55035   54577   458
55224   54799   425
55352   54906   446
55623   54937   686
55686   55002   684
55699   55104   595
55824   55759   65
55879   55986   107
55986   56070   84
56076   56357   281
56194   56524   330
56196   56593   397
56334   56653   319
56409   56685   276
56430   56724   294
56457   56820   363
56678   56860   182
56793   57178   385
56874   57459   585
56899   57465   566
56957   57490   533
56969   57680   711
56978   57714   736
57029   57933   904
57141   58067   926
57265   58067   802
57306   58067   761
57350   58067   717
57363   58067   704
57365   58067   702
57427   58067   640
57478   58067   589
57600   58074   474
57700   58136   436
57703   58239   536
57756   58448   692
57758   58465   707
57779   58771   992
57972   58846   874
58055   58938   883
58067   59051   984
58070   59209   1139
58093   59209   1116
58161   59209   1048
58314   59209   895
58380   59209   829
58468   59209   741
58498   59209   711
58531   59209   678
58743   59209   466
59015   59209   194
59044   59209   165
59092   59209   117
59117   59209   92
59209   59209   0
59419   59209   210
59446   59209   237
59779   59209   570
59784   59209   575
59876   59209   667
59907   59239   668
60034   59293   741
60057   59374   683
60065   59545   520
60068   59686   382
60072   59845   227
60140   60034   106
60385   60034   351
60469   60034   435
60500   60034   466
60654   60034   620
60690   60034   656
60801   60034   767
60899   60034   865
60969   60034   935
60988   60034   954
61058   60034   1024
61060   60034   1026
61061   60034   1027
61321   60034   1287
61522   60034   1488
61551   60034   1517
61595   60034   1561
61662   60034   1628
61668   60228   1440
61723   60267   1456
61761   60406   1355
61968   60524   1444
62036   60540   1496
62109   60632   1477
62165   60717   1448
62202   60877   1325
62228   60910   1318
62270   61152   1118
62273   61171   1102
62377   61321   1056
62403   61321   1082
62446   61321   1125
62524   61321   1203
62809   61321   1488
62872   61321   1551
62919   61321   1598
63193   61321   1872
63380   61321   2059
63408   61321   2087
63594   61321   2273
63644   61321   2323
63752   61327   2425
63754   61518   2236
63821   61551   2270
63976   61551   2425
64084   61551   2533
64368   61551   2817
64391   61551   2840
64396   61551   2845
64506   61551   2955
64599   61551   3048
64729   61551   3178
64826   61551   3275
64900   61551   3349
64945   61551   3394
65052   61551   3501
65159   61551   3608
65163   61551   3612
65334   61551   3783
65532   61551   3981
65550   61551   3999
65593   61551   4042
65598   61657   3941
65643   61787   3856
65733   61879   3854
65744   62041   3703
65779   62157   3622
65978   62282   3696
66024   62491   3533
66054   62712   3342
66156   62719   3437
66231   62759   3472
66261   62946   3315
66274   63193   3081
66316   63193   3123
66336   63193   3143
66349   63193   3156
66378   63193   3185
66398   63193   3205
66452   63193   3259
66575   63193   3382
66613   63193   3420
66614   63193   3421
66617   63414   3203
66682   63551   3131
66761   63559   3202
66902   63648   3254
66914   63754   3160
66945   63754   3191
66971   63754   3217
67273   63754   3519
67309   63754   3555
67431   63754   3677
67449   63754   3695
67482   63754   3728
67520   64457   3063
67642   64663   2979
67747   64705   3042
67845   64736   3109
67888   64874   3014
68055   64955   3100
68163   65125   3038
68310   65227   3083
68426   65307   3119
68457   65364   3093
68473   65375   3098
68503   65386   3117
68559   65627   2932
68580   65779   2801
68641   65779   2862
68814   65779   3035
68856   65779   3077
68879   65779   3100
68895   65779   3116
68981   65779   3202
69083   65779   3304
69158   65779   3379
69182   65841   3341
69207   65947   3260
69518   65961   3557
69604   66209   3395
69732   66320   3412
69866   66336   3530
69945   66336   3609
70045   66336   3709
70051   66336   3715
70145   66336   3809
70172   66474   3698
70298   66518   3780
70300   66545   3755
70374   66587   3787
70402   66828   3574
70441   66996   3445
70553   67069   3484
70591   67267   3324
70627   67420   3207
70644   67481   3163
70646   67571   3075
70665   67717   2948
70702   67781   2921
70711   67989   2722
70738   68277   2461
70837   68295   2542
70843   68516   2327
71038   68642   2396
71120   68846   2274
71181   68884   2297
71185   68950   2235
71224   68981   2243
71865   68981   2884
71948   68981   2967
71969   69134   2835
71987   69158   2829
72012   69158   2854
72108   69158   2950
72120   69158   2962
72212   69158   3054
72431   69158   3273
72553   69158   3395
72577   69158   3419
72662   69158   3504
72997   69158   3839
73082   69158   3924
73181   69158   4023
73250   69158   4092
73297   69269   4028
73367   69573   3794
73386   69880   3506
73700   70326   3374
73725   70388   3337
73817   70413   3404
73969   70479   3490
74176   70557   3619
74303   70963   3340
74305   71000   3305
74383   71004   3379
74515   71011   3504
74619   71196   3423
75023   71300   3723
75046   71439   3607
75075   71625   3450
75094   71636   3458
75098   71733   3365
75144   71848   3296
75162   72036   3126
75233   72225   3008
75619   72284   3335
75625   72435   3190
75663   73054   2609
75816   73119   2697
76013   73493   2520
76284   73535   2749
76287   73587   2700
76324   73631   2693
76363   73806   2557
76420   73952   2468
76437   73981   2456
76649   74365   2284
76669   74542   2127
76756   74679   2077
76923   74713   2210
77442   74839   2603
77668   74945   2723
77753   74971   2782
77866   75286   2580
77897   75565   2332
77954   75617   2337
78107   75715   2392
78117   75778   2339
78226   75790   2436
78343   75928   2415
78373   76287   2086
78374   76287   2087
78415   76287   2128
78431   76287   2144
78498   76287   2211
78677   76287   2390
78694   76287   2407
78769   76287   2482
78792   76287   2505
78913   76287   2626
79096   76287   2809
79097   76324   2773
79098   76324   2774
79148   76324   2824
79263   76324   2939
79294   76324   2970
79297   76324   2973
79421   76324   3097
79835   76324   3511
80054   76324   3730
80223   76324   3899
80319   76324   3995
80467   76324   4143
80568   76324   4244
80651   76324   4327
80676   76324   4352
80749   76324   4425
80773   76324   4449
80802   76363   4439
80835   76363   4472
80969   76363   4606
80977   76363   4614
81026   76363   4663
81168   76363   4805
81230   76363   4867
81264   76363   4901
81279   76363   4916
81371   76363   5008
81481   76363   5118
81613   76363   5250
81688   76363   5325
81735   76363   5372
81868   76363   5505
81937   76363   5574
82045   76363   5682
82139   76363   5776
82359   76363   5996
82394   76363   6031
82477   76435   6042
82555   76860   5695
82567   77218   5349
82673   77288   5385
82692   77391   5301
82907   77472   5435
82921   77651   5270
83096   77969   5127
83129   78117   5012
83131   78117   5014
83139   78117   5022
83170   78117   5053
83434   78117   5317
83465   78117   5348
83475   78117   5358
83616   78300   5316
83620   78373   5247
83776   78373   5403
83918   78373   5545
83953   78373   5580
83956   78373   5583
83968   78373   5595
84150   78373   5777
84197   78373   5824
84236   78373   5863
84268   78373   5895
84383   78373   6010
84539   78373   6166
84546   78373   6173
84563   78373   6190
84610   78373   6237
84663   78373   6290
84718   78373   6345
84866   78373   6493
85153   78373   6780
85338   78593   6745
85405   78739   6666
85479   78760   6719
85543   78955   6588
85746   79218   6528
85821   79444   6377
85897   79531   6366
85916   79651   6265
86027   80208   5819
86142   80280   5862
86144   80489   5655
86226   80516   5710
86252   80535   5717
86396   80574   5822
86418   80598   5820
86560   80611   5949
86680   80876   5804
86775   80975   5800
86853   81132   5721
86870   81168   5702
87206   81168   6038
87246   81168   6078
87270   81168   6102
87562   81168   6394
87708   81168   6540
87726   81168   6558
87744   81168   6576
87921   81168   6753
87986   81168   6818
88038   81168   6870
88136   81168   6968
88155   81168   6987
88189   81168   7021
88227   81168   7059
88269   81298   6971
88316   81327   6989
88373   81345   7028
88419   81365   7054
88436   81380   7056
88458   81708   6750
88549   81835   6714
88681   81868   6813
88698   81868   6830
88754   81868   6886
88858   81868   6990
88886   81868   7018
89043   81868   7175
89157   82052   7105
89303   82175   7128
89365   82348   7017
89499   82403   7096
89578   82477   7101
89609   82477   7132
89689   82728   6961
89726   83075   6651
89846   83211   6635
89857   83311   6546
89894   83328   6566
90048   83337   6711
90161   83354   6807
90168   83360   6808
90170   83377   6793
90273   83416   6857
90484   83512   6972
90624   83582   7042
90639   83718   6921
90720   83847   6873
90763   83914   6849
90868   84394   6474
90983   84396   6587
90995   84631   6364
91076   84819   6257
91330   85133   6197
91365   85167   6198
91431   85174   6257
91493   85619   5874
91526   85623   5903
91632   85648   5984
91665   85678   5987
91724   85770   5954
91768   85817   5951
91771   87067   4704
91813   87173   4640
91876   87428   4448
92000   87612   4388
92062   87650   4412
92173   88063   4110
92308   88090   4218
92349   88154   4195
92355   88193   4162
92422   88553   3869
92593   88633   3960
92724   88778   3946
92955   88861   4094
93012   89262   3750
93073   89269   3804
93086   90041   3045
93195   90226   2969
93294   90256   3038
93394   90260   3134
93512   90563   2949
93672   90756   2916
93747   90826   2921
93780   91070   2710
93789   91120   2669
93840   91391   2449
93934   91401   2533
94319   91526   2793
94329   91526   2803
94576   91893   2683
94626   92060   2566
94851   92236   2615
94886   92287   2599
95125   92342   2783
95154   93059   2095
95169   93360   1809
95191   93619   1572
95268   93764   1504
95504   94227   1277
95514   94253   1261
95805   95058   747
95866   95142   724
95962   95805   157
95968   95805   163
96047   95805   242
96064   95805   259
96146   95805   341
96168   95805   363
96228   95805   423
96443   95805   638
96583   95805   778
96748   95805   943
96800   95805   995
96897   95805   1092
96903   95805   1098
96931   95805   1126
96972   95805   1167
97194   95805   1389
97296   95805   1491
97410   95805   1605
97439   95805   1634
97480   95805   1675
97489   96540   949
97662   96591   1071
97780   96601   1179
97896   96869   1027
97957   96903   1054
98263   96903   1360
98276   96903   1373
98471   97224   1247
98506   97536   970
98618   97741   877
98652   98020   632
98695   98095   600
98969   98114   855
99202   98262   940
99320   98421   899
99354   98556   798
99403   99070   333
99419   99211   208
99544   99459   85
99702   99601   101
99736   99638   98
99873   99697   176
2176849
